1629012068.160000086 9.6356 1.7902 -4.6425 0 0 0 0
1629012068.270000219 9.6358 1.7902 -4.6425 0 0 0 0
1629012068.420000076 9.6356 1.7902 -4.6426 0 0 0 0
1629012068.600000143 9.6356 1.7903 -4.6426 0 0 0 0
1629012068.740000010 9.6357 1.7902 -4.6426 0 0 0 0
1629012068.870000124 9.6357 1.7902 -4.6426 0 0 0 0
1629012069.000000000 9.6355 1.7903 -4.6426 0 0 0 0
1629012069.160000086 9.6357 1.7902 -4.6425 0 0 0 0
1629012069.300000191 9.6355 1.7902 -4.6426 0 0 0 0
1629012069.410000086 9.6355 1.7902 -4.6425 0 0 0 0
1629012069.530000210 9.6355 1.7902 -4.6426 0 0 0 0
1629012069.710000038 9.6358 1.7904 -4.6426 0 0 0 0
1629012069.810000181 9.6356 1.7906 -4.6426 0 0 0 0
1629012070.009999990 9.6356 1.7905 -4.6425 0 0 0 0
1629012070.220000029 9.6353 1.7908 -4.6427 0 0 0 0
1629012070.540000200 9.6356 1.7903 -4.6425 0 0 0 0
1629012070.690000057 9.6354 1.7903 -4.6426 0 0 0 0
1629012070.810000181 9.6358 1.7900 -4.6426 0 0 0 0
1629012070.970000029 9.6352 1.7906 -4.6427 0 0 0 0
1629012071.100000143 9.6354 1.7903 -4.6426 0 0 0 0
1629012071.300000191 9.6352 1.7905 -4.6426 0 0 0 0
1629012071.400000095 9.6354 1.7906 -4.6426 0 0 0 0
1629012071.520000219 9.6351 1.7906 -4.6427 0 0 0 0
1629012071.690000057 9.6353 1.7906 -4.6426 0 0 0 0
1629012071.850000143 9.6348 1.7905 -4.6428 0 0 0 0
1629012071.960000038 9.6346 1.7909 -4.6428 0 0 0 0
1629012072.120000124 9.6348 1.7908 -4.6428 0 0 0 0
1629012072.280000210 9.6350 1.7906 -4.6427 0 0 0 0
1629012072.410000086 9.6350 1.7906 -4.6427 0 0 0 0
1629012072.560000181 9.6355 1.7902 -4.6427 0 0 0 0
1629012072.660000086 9.6359 1.7901 -4.6426 0 0 0 0
1629012072.759999990 9.6353 1.7904 -4.6426 0 0 0 0
1629012072.860000134 9.6354 1.7903 -4.6426 0 0 0 0
1629012073.020000219 9.6356 1.7902 -4.6426 0 0 0 0
1629012073.130000114 9.6354 1.7903 -4.6426 0 0 0 0
1629012073.259999990 9.6355 1.7902 -4.6426 0 0 0 0
1629012073.400000095 9.6358 1.7902 -4.6425 0 0 0 0
1629012073.500000000 9.6355 1.7903 -4.6426 0 0 0 0
1629012073.610000134 9.6357 1.7902 -4.6426 0 0 0 0
1629012073.780000210 9.6355 1.7903 -4.6426 0 0 0 0
1629012073.930000067 9.6357 1.7904 -4.6425 0 0 0 0
1629012074.070000172 9.6356 1.7900 -4.6426 0 0 0 0
1629012074.190000057 9.6355 1.7902 -4.6426 0 0 0 0
1629012074.370000124 9.6355 1.7904 -4.6425 0 0 0 0
1629012074.509999990 9.6356 1.7902 -4.6426 0 0 0 0
1629012074.640000105 9.6354 1.7903 -4.6425 0 0 0 0
1629012074.770000219 9.6355 1.7902 -4.6426 0 0 0 0
1629012074.900000095 9.6355 1.7902 -4.6427 0 0 0 0
1629012075.009999990 9.6356 1.7903 -4.6425 0 0 0 0
1629012075.140000105 9.6357 1.7902 -4.6426 0 0 0 0
1629012075.270000219 9.6354 1.7902 -4.6426 0 0 0 0
1629012075.550000191 9.6355 1.7903 -4.6425 0 0 0 0
1629012075.700000048 9.6354 1.7903 -4.6426 0 0 0 0
1629012075.830000162 9.6355 1.7902 -4.6426 0 0 0 0
1629012075.980000019 9.6356 1.7903 -4.6426 0 0 0 0
1629012076.120000124 9.6356 1.7902 -4.6426 0 0 0 0
1629012076.290000200 9.6355 1.7902 -4.6426 0 0 0 0
1629012076.430000067 9.6356 1.7902 -4.6425 0 0 0 0
1629012076.540000200 9.6355 1.7902 -4.6426 0 0 0 0
1629012076.670000076 9.6355 1.7902 -4.6427 0 0 0 0
1629012076.860000134 9.6355 1.7902 -4.6426 0 0 0 0
1629012076.970000029 9.6357 1.7902 -4.6425 0 0 0 0
1629012077.110000134 9.6356 1.7902 -4.6426 0 0 0 0
1629012077.210000038 9.6356 1.7903 -4.6426 0 0 0 0
1629012077.320000172 9.6355 1.7903 -4.6426 0 0 0 0
1629012077.490000010 9.6357 1.7902 -4.6426 0 0 0 0
1629012077.700000048 9.6356 1.7902 -4.6426 0 0 0 0
1629012077.820000172 9.6357 1.7902 -4.6425 0 0 0 0
1629012077.960000038 9.6357 1.7902 -4.6425 0 0 0 0
1629012078.080000162 9.6356 1.7903 -4.6426 0 0 0 0
1629012078.200000048 9.6355 1.7902 -4.6425 0 0 0 0
1629012078.420000076 9.6356 1.7902 -4.6425 0 0 0 0
1629012078.570000172 9.6356 1.7902 -4.6426 0 0 0 0
1629012078.670000076 9.6355 1.7902 -4.6426 0 0 0 0
1629012078.840000153 9.6355 1.7902 -4.6426 0 0 0 0
1629012078.960000038 9.6355 1.7904 -4.6426 0 0 0 0
1629012079.100000143 9.6356 1.7904 -4.6425 0 0 0 0
1629012079.210000038 9.6355 1.7903 -4.6426 0 0 0 0
1629012079.320000172 9.6355 1.7903 -4.6425 0 0 0 0
1629012079.480000019 9.6354 1.7903 -4.6425 0 0 0 0
1629012079.610000134 9.6352 1.7901 -4.6426 0 0 0 0
1629012079.720000029 9.6354 1.7901 -4.6426 0 0 0 0
1629012079.870000124 9.6356 1.7905 -4.6426 0 0 0 0
1629012080.000000000 9.6355 1.7902 -4.6426 0 0 0 0
1629012080.110000134 9.6356 1.7903 -4.6426 0 0 0 0
1629012080.240000010 9.6359 1.7903 -4.6425 0 0 0 0
1629012080.430000067 9.6355 1.7901 -4.6426 0 0 0 0
1629012080.590000153 9.6358 1.7903 -4.6425 0 0 0 0
1629012080.770000219 9.6358 1.7901 -4.6426 0 0 0 0
1629012080.890000105 9.6359 1.7902 -4.6425 0 0 0 0
1629012081.000000000 9.6357 1.7903 -4.6425 0 0 0 0
1629012081.160000086 9.6357 1.7901 -4.6425 0 0 0 0
1629012081.270000219 9.6358 1.7902 -4.6424 0 0 0 0
1629012081.390000105 9.6359 1.7902 -4.6424 0 0 0 0
1629012081.540000200 9.6357 1.7902 -4.6426 0 0 0 0
1629012081.690000057 9.6357 1.7902 -4.6425 0 0 0 0
1629012081.850000143 9.6357 1.7901 -4.6425 0 0 0 0
1629012081.970000029 9.6356 1.7902 -4.6426 0 0 0 0
1629012082.090000153 9.6357 1.7902 -4.6426 0 0 0 0
1629012082.210000038 9.6357 1.7902 -4.6426 0 0 0 0
1629012082.430000067 9.6357 1.7902 -4.6426 0 0 0 0
1629012082.670000076 9.6356 1.7902 -4.6427 0 0 0 0
1629012082.820000172 9.6357 1.7902 -4.6427 0 0 0 0
1629012082.930000067 9.6358 1.7902 -4.6427 0 0 0 0
1629012083.040000200 9.6358 1.7902 -4.6426 0 0 0 0
1629012083.190000057 9.6357 1.7902 -4.6426 0 0 0 0
1629012083.310000181 9.6357 1.7902 -4.6426 0 0 0 0
1629012083.470000029 9.6357 1.7902 -4.6426 0 0 0 0
1629012083.620000124 9.6358 1.7902 -4.6425 0 0 0 0
1629012083.759999990 9.6358 1.7902 -4.6425 0 0 0 0
1629012083.920000076 9.6356 1.7902 -4.6426 0 0 0 0
1629012084.020000219 9.6357 1.7902 -4.6426 0 0 0 0
1629012084.130000114 9.6357 1.7902 -4.6425 0 0 0 0
1629012084.280000210 9.6357 1.7902 -4.6425 0 0 0 0
1629012084.420000076 9.6358 1.7902 -4.6425 0 0 0 0
1629012084.540000200 9.6356 1.7902 -4.6426 0 0 0 0
1629012084.740000010 9.6357 1.7902 -4.6426 0 0 0 0
1629012084.870000124 9.6358 1.7902 -4.6425 0 0 0 0
1629012085.009999990 9.6358 1.7902 -4.6425 0 0 0 0
1629012085.200000048 9.6358 1.7902 -4.6426 0 0 0 0
1629012085.350000143 9.6357 1.7902 -4.6426 0 0 0 0
1629012085.490000010 9.6356 1.7902 -4.6427 0 0 0 0
1629012085.710000038 9.6356 1.7902 -4.6426 0 0 0 0
1629012085.830000162 9.6356 1.7902 -4.6426 0 0 0 0
1629012085.950000048 9.6356 1.7902 -4.6426 0 0 0 0
1629012086.070000172 9.6358 1.7902 -4.6425 0 0 0 0
1629012086.200000048 9.6358 1.7902 -4.6425 0 0 0 0
1629012086.370000124 9.6356 1.7902 -4.6426 0 0 0 0
1629012086.480000019 9.6357 1.7902 -4.6426 0 0 0 0
1629012086.640000105 9.6356 1.7902 -4.6426 0 0 0 0
1629012086.780000210 9.6357 1.7902 -4.6426 0 0 0 0
1629012086.950000048 9.6358 1.7902 -4.6425 0 0 0 0
1629012087.080000162 9.6358 1.7902 -4.6425 0 0 0 0
1629012087.200000048 9.6357 1.7902 -4.6426 0 0 0 0
1629012087.310000181 9.6358 1.7901 -4.6426 0 0 0 0
1629012087.420000076 9.6358 1.7901 -4.6426 0 0 0 0
1629012087.520000219 9.6357 1.7901 -4.6426 0 0 0 0
1629012087.680000067 9.6358 1.7902 -4.6425 0 0 0 0
1629012087.880000114 9.6356 1.7902 -4.6426 0 0 0 0
1629012088.030000210 9.6357 1.7902 -4.6425 0 0 0 0
1629012088.160000086 9.6357 1.7902 -4.6425 0 0 0 0
1629012088.270000219 9.6357 1.7902 -4.6426 0 0 0 0
1629012088.440000057 9.6358 1.7902 -4.6426 0 0 0 0
1629012088.600000143 9.6356 1.7902 -4.6426 0 0 0 0
1629012088.720000029 9.6357 1.7902 -4.6426 0 0 0 0
1629012088.890000105 9.6357 1.7902 -4.6426 0 0 0 0
1629012089.000000000 9.6357 1.7902 -4.6427 0 0 0 0
1629012089.110000134 9.6358 1.7902 -4.6425 0 0 0 0
1629012089.230000019 9.6357 1.7902 -4.6426 0 0 0 0
1629012089.350000143 9.6357 1.7902 -4.6426 0 0 0 0
1629012089.540000200 9.6357 1.7902 -4.6426 0 0 0 0
1629012089.759999990 9.6358 1.7902 -4.6426 0 0 0 0
1629012089.960000038 9.6358 1.7902 -4.6426 0 0 0 0
1629012090.180000067 9.6357 1.7902 -4.6426 0 0 0 0
1629012090.370000124 9.6357 1.7902 -4.6425 0 0 0 0
1629012090.650000095 9.6357 1.7902 -4.6426 0 0 0 0
1629012090.820000172 9.6356 1.7902 -4.6426 0 0 0 0
1629012090.960000038 9.6357 1.7902 -4.6426 0 0 0 0
1629012091.090000153 9.6357 1.7902 -4.6426 0 0 0 0
1629012091.190000057 9.6356 1.7902 -4.6425 0 0 0 0
1629012091.340000153 9.6357 1.7903 -4.6425 0 0 0 0
1629012091.450000048 9.6357 1.7902 -4.6425 0 0 0 0
1629012091.580000162 9.6357 1.7902 -4.6426 0 0 0 0
1629012091.690000057 9.6357 1.7903 -4.6426 0 0 0 0
1629012091.840000153 9.6357 1.7902 -4.6424 0 0 0 0
1629012091.950000048 9.6357 1.7902 -4.6425 0 0 0 0
1629012092.140000105 9.6356 1.7906 -4.6425 0 0 0 0
1629012092.320000172 9.6357 1.7902 -4.6426 0 0 0 0
1629012092.480000019 9.6355 1.7903 -4.6425 0 0 0 0
1629012092.650000095 9.6356 1.7902 -4.6426 0 0 0 0
1629012092.759999990 9.6355 1.7901 -4.6426 0 0 0 0
1629012092.940000057 9.6356 1.7903 -4.6426 0 0 0 0
1629012093.070000172 9.6357 1.7902 -4.6426 0 0 0 0
1629012093.180000067 9.6355 1.7902 -4.6426 0 0 0 0
1629012093.420000076 9.6356 1.7903 -4.6425 0 0 0 0
1629012093.580000162 9.6356 1.7901 -4.6426 0 0 0 0
1629012093.730000019 9.6357 1.7902 -4.6426 0 0 0 0
1629012093.880000114 9.6356 1.7901 -4.6427 0 0 0 0
1629012093.990000010 9.6355 1.7899 -4.6426 0 0 0 0
1629012094.160000086 9.6355 1.7900 -4.6426 0 0 0 0
1629012094.360000134 9.6355 1.7899 -4.6427 0 0 0 0
1629012094.490000010 9.6361 1.7898 -4.6425 0 0 0 0
1629012094.600000143 9.6367 1.7899 -4.6425 0 0 0 0
1629012094.830000162 9.6382 1.7898 -4.6421 0 0 0 0
1629012094.960000038 9.6443 1.7893 -4.6419 0 0 0 0
1629012095.140000105 9.6623 1.7882 -4.6412 0 0 0 0
1629012095.259999990 9.6742 1.7882 -4.6413 0 0 0 0
1629012095.370000124 9.6882 1.7880 -4.6414 0 0 0 0
1629012095.530000210 9.7376 1.7897 -4.6406 0 0 0 0
1629012095.750000000 9.7992 1.7918 -4.6400 0 0 0 0
1629012095.900000095 9.8718 1.8032 -4.6403 0 0 0 0
1629012096.030000210 9.9028 1.8084 -4.6404 0 0 0 0
1629012096.170000076 9.9501 1.8142 -4.6415 0 0 0 0
1629012096.290000200 9.9827 1.8177 -4.6415 0 0 0 0
1629012096.440000057 10.0478 1.8283 -4.6415 0 0 0 0
1629012096.550000191 10.0939 1.8398 -4.6411 0 0 0 0
1629012096.660000086 10.1240 1.8500 -4.6411 0 0 0 0
1629012096.840000153 10.2026 1.8833 -4.6406 0 0 0 0
1629012097.090000153 10.2777 1.9009 -4.6394 0 0 0 0
1629012097.330000162 10.3857 1.9545 -4.6402 0 0 0 0
1629012097.450000048 10.4179 1.9706 -4.6400 0 0 0 0
1629012097.570000172 10.4485 1.9849 -4.6402 0 0 0 0
1629012097.740000010 10.5400 2.0370 -4.6396 0 0 0 0
1629012097.880000114 10.5701 2.0574 -4.6394 0 0 0 0
1629012098.030000210 10.6284 2.1024 -4.6397 0 0 0 0
1629012098.150000095 10.6578 2.1269 -4.6397 0 0 0 0
1629012098.490000010 10.8087 2.2449 -4.6396 0 0 0 0
1629012098.660000086 10.8343 2.2784 -4.6398 0 0 0 0
1629012098.790000200 10.8595 2.3086 -4.6397 0 0 0 0
1629012098.970000029 10.9625 2.4019 -4.6393 0 0 0 0
1629012099.130000114 11.0021 2.4434 -4.6394 0 0 0 0
1629012099.259999990 11.0630 2.5084 -4.6392 0 0 0 0
1629012099.390000105 11.1054 2.5462 -4.6395 0 0 0 0
1629012099.570000172 11.1647 2.6031 -4.6397 0 0 0 0
1629012099.770000219 11.2024 2.6531 -4.6404 0 0 0 0
1629012099.950000048 11.2773 2.7392 -4.6409 0 0 0 0
1629012100.060000181 11.3125 2.7695 -4.6406 0 0 0 0
1629012100.170000076 11.3458 2.8012 -4.6410 0 0 0 0
1629012100.300000191 11.4207 2.8983 -4.6408 0 0 0 0
1629012100.520000219 11.4207 2.8983 -4.6408 0 0 0 0
1629012100.670000076 11.5208 3.0373 -4.6406 0 0 0 0
1629012100.780000210 11.5435 3.0800 -4.6408 0 0 0 0
1629012100.890000105 11.5808 3.1457 -4.6411 0 0 0 0
1629012101.020000219 11.6347 3.2321 -4.6414 0 0 0 0
1629012101.130000114 11.6632 3.3013 -4.6411 0 0 0 0
1629012101.300000191 11.7069 3.4159 -4.6404 0 0 0 0
1629012101.460000038 11.7254 3.4641 -4.6407 0 0 0 0
1629012101.560000181 11.7538 3.5623 -4.6403 0 0 0 0
1629012101.800000191 11.7894 3.6905 -4.6400 0 0 0 0
1629012101.940000057 11.7988 3.7667 -4.6404 0 0 0 0
1629012102.050000191 11.8018 3.8200 -4.6398 0 0 0 0
1629012102.240000010 11.8175 3.9475 -4.6397 0 0 0 0
1629012102.350000143 11.8228 4.0010 -4.6397 0 0 0 0
1629012102.530000210 11.8169 4.1428 -4.6399 0 0 0 0
1629012102.650000095 11.8128 4.1990 -4.6397 0 0 0 0
1629012102.790000200 11.8082 4.2552 -4.6392 0 0 0 0
1629012102.970000029 11.7888 4.3932 -4.6388 0 0 0 0
1629012103.120000124 11.7734 4.5090 -4.6389 0 0 0 0
1629012103.250000000 11.7414 4.6559 -4.6390 0 0 0 0
1629012103.450000048 11.7340 4.7162 -4.6374 0 0 0 0
1629012103.550000191 11.7281 4.8034 -4.6373 0 0 0 0
1629012103.680000067 11.7274 4.9294 -4.6365 0 0 0 0
1629012103.780000210 11.7272 4.9889 -4.6365 0 0 0 0
1629012104.050000191 11.7369 5.1748 -4.6355 0 0 0 0
1629012104.150000095 11.7613 5.2925 -4.6347 0 0 0 0
1629012104.430000067 11.8043 5.4416 -4.6334 0 0 0 0
1629012104.580000162 11.8494 5.5558 -4.6325 0 0 0 0
1629012104.710000038 11.8895 5.6345 -4.6312 0 0 0 0
1629012104.880000114 11.9632 5.7597 -4.6299 0 0 0 0
1629012105.000000000 11.9966 5.8096 -4.6293 0 0 0 0
1629012105.120000124 12.0317 5.8585 -4.6292 0 0 0 0
1629012105.290000200 12.1345 5.9637 -4.6284 0 0 0 0
1629012105.420000076 12.1763 6.0055 -4.6278 0 0 0 0
1629012105.560000181 12.2185 6.0442 -4.6279 0 0 0 0
1629012105.660000086 12.2883 6.0977 -4.6270 0 0 0 0
1629012105.950000048 12.3870 6.1682 -4.6271 0 0 0 0
1629012106.259999990 12.6543 6.2896 -4.6263 0 0 0 0
1629012106.380000114 12.8082 6.3361 -4.6262 0 0 0 0
1629012106.550000191 12.8696 6.3454 -4.6259 0 0 0 0
1629012106.660000086 12.9679 6.3605 -4.6264 0 0 0 0
1629012106.810000181 13.0991 6.3672 -4.6268 0 0 0 0
1629012106.940000057 13.1727 6.3668 -4.6270 0 0 0 0
1629012107.120000124 13.3414 6.3449 -4.6259 0 0 0 0
1629012107.300000191 13.5090 6.3045 -4.6287 0 0 0 0
1629012107.440000057 13.6123 6.2836 -4.6283 0 0 0 0
1629012107.560000181 13.6794 6.2545 -4.6303 0 0 0 0
1629012107.700000048 13.8046 6.1746 -4.6303 0 0 0 0
1629012107.870000124 13.9362 6.0762 -4.6295 0 0 0 0
1629012107.980000019 14.0047 6.0353 -4.6310 0 0 0 0
1629012108.160000086 14.0676 5.9893 -4.6322 0 0 0 0
1629012108.370000124 14.1820 5.8478 -4.6322 0 0 0 0
1629012108.490000010 14.2844 5.7008 -4.6330 0 0 0 0
1629012108.610000134 14.3231 5.6415 -4.6327 0 0 0 0
1629012108.800000191 14.3986 5.4801 -4.6338 0 0 0 0
1629012109.050000191 14.4421 5.3378 -4.6341 0 0 0 0
1629012109.150000095 14.4726 5.2329 -4.6346 0 0 0 0
1629012109.320000172 14.5074 5.0915 -4.6350 0 0 0 0
1629012109.450000048 14.5342 4.9053 -4.6362 0 0 0 0
1629012109.550000191 14.5389 4.8312 -4.6370 0 0 0 0
1629012109.710000038 14.5501 4.7184 -4.6368 0 0 0 0
1629012109.900000095 14.5804 4.5347 -4.6374 0 0 0 0
1629012110.020000219 14.5905 4.4570 -4.6377 0 0 0 0
1629012110.259999990 14.6002 4.2722 -4.6377 0 0 0 0
1629012110.500000000 14.6279 4.0882 -4.6382 0 0 0 0
1629012110.630000114 14.6465 3.9418 -4.6389 0 0 0 0
1629012110.790000200 14.6568 3.7671 -4.6388 0 0 0 0
1629012110.940000057 14.6669 3.7006 -4.6390 0 0 0 0
1629012111.070000172 14.6883 3.6015 -4.6393 0 0 0 0
1629012111.250000000 14.7071 3.4374 -4.6400 0 0 0 0
1629012111.420000076 14.7284 3.2750 -4.6393 0 0 0 0
1629012111.520000219 14.7420 3.2136 -4.6396 0 0 0 0
1629012111.710000038 14.7708 3.0875 -4.6396 0 0 0 0
1629012111.890000105 14.7919 2.9334 -4.6404 0 0 0 0
1629012112.040000200 14.8099 2.8411 -4.6398 0 0 0 0
1629012112.250000000 14.8478 2.6887 -4.6393 0 0 0 0
1629012112.370000124 14.8636 2.6272 -4.6394 0 0 0 0
1629012112.490000010 14.8888 2.5011 -4.6392 0 0 0 0
1629012112.630000114 14.9123 2.4046 -4.6393 0 0 0 0
1629012112.740000010 14.9297 2.3471 -4.6386 0 0 0 0
1629012112.880000114 14.9603 2.2472 -4.6385 0 0 0 0
1629012113.000000000 15.0010 2.1192 -4.6386 0 0 0 0
1629012113.130000114 15.0184 2.0535 -4.6385 0 0 0 0
1629012113.230000019 15.0368 1.9869 -4.6382 0 0 0 0
1629012113.509999990 15.1417 1.7390 -4.6370 0 0 0 0
1629012113.890000105 15.2326 1.5203 -4.6371 0 0 0 0
1629012114.000000000 15.3138 1.3799 -4.6353 0 0 0 0
1629012114.170000076 15.3787 1.2679 -4.6356 0 0 0 0
1629012114.360000134 15.4105 1.2116 -4.6350 0 0 0 0
1629012114.470000029 15.4591 1.1311 -4.6352 0 0 0 0
1629012114.720000029 15.4942 1.0830 -4.6349 0 0 0 0
1629012114.880000114 15.6248 0.9418 -4.6327 0 0 0 0
1629012115.009999990 15.7007 0.8399 -4.6318 0 0 0 0
1629012115.130000114 15.7245 0.8071 -4.6307 0 0 0 0
1629012115.250000000 15.8071 0.7318 -4.6309 0 0 0 0
1629012115.450000048 15.8779 0.6886 -4.6308 0 0 0 0
1629012115.560000181 15.9274 0.6485 -4.6304 0 0 0 0
1629012115.680000067 15.9575 0.6256 -4.6303 0 0 0 0
1629012115.800000191 15.9881 0.6044 -4.6307 0 0 0 0
1629012115.930000067 16.0392 0.5753 -4.6312 0 0 0 0
1629012116.040000200 16.0741 0.5571 -4.6314 0 0 0 0
1629012116.340000153 16.1927 0.4868 -4.6312 0 0 0 0
1629012116.530000210 16.2707 0.4479 -4.6314 0 0 0 0
1629012116.710000038 16.3642 0.4196 -4.6314 0 0 0 0
1629012116.860000134 16.3976 0.4060 -4.6314 0 0 0 0
1629012116.960000038 16.4668 0.3798 -4.6316 0 0 0 0
1629012117.070000172 16.5213 0.3709 -4.6315 0 0 0 0
1629012117.170000076 16.5608 0.3674 -4.6317 0 0 0 0
1629012117.380000114 16.6523 0.3518 -4.6312 0 0 0 0
1629012117.560000181 16.6858 0.3446 -4.6311 0 0 0 0
1629012117.690000057 16.7411 0.3365 -4.6312 0 0 0 0
1629012117.790000200 16.7790 0.3342 -4.6317 0 0 0 0
1629012117.910000086 16.8695 0.3399 -4.6317 0 0 0 0
1629012118.050000191 16.9035 0.3375 -4.6318 0 0 0 0
1629012118.230000019 16.9850 0.3343 -4.6315 0 0 0 0
1629012118.360000134 17.0187 0.3396 -4.6318 0 0 0 0
1629012118.580000162 17.1060 0.3567 -4.6326 0 0 0 0
1629012118.740000010 17.1780 0.3610 -4.6326 0 0 0 0
1629012118.940000057 17.2291 0.3701 -4.6325 0 0 0 0
1629012119.130000114 17.3252 0.3991 -4.6329 0 0 0 0
1629012119.300000191 17.4041 0.4267 -4.6330 0 0 0 0
1629012119.490000010 17.4787 0.4510 -4.6325 0 0 0 0
1629012119.600000143 17.5093 0.4612 -4.6328 0 0 0 0
1629012119.730000019 17.5394 0.4743 -4.6330 0 0 0 0
1629012119.830000162 17.5702 0.4915 -4.6335 0 0 0 0
1629012120.070000172 17.6427 0.5345 -4.6336 0 0 0 0
1629012120.180000067 17.6874 0.5568 -4.6339 0 0 0 0
1629012120.380000114 17.7174 0.5722 -4.6332 0 0 0 0
1629012120.590000153 17.8053 0.6374 -4.6332 0 0 0 0
1629012120.790000200 17.8694 0.6857 -4.6328 0 0 0 0
1629012120.920000076 17.9217 0.7220 -4.6328 0 0 0 0
1629012121.060000181 17.9607 0.7549 -4.6327 0 0 0 0
1629012121.170000076 17.9829 0.7809 -4.6331 0 0 0 0
1629012121.350000143 18.0398 0.8444 -4.6334 0 0 0 0
1629012121.540000200 18.0826 0.8928 -4.6333 0 0 0 0
1629012121.680000067 18.1344 0.9544 -4.6334 0 0 0 0
1629012121.860000134 18.1869 1.0204 -4.6340 0 0 0 0
1629012121.970000029 18.2071 1.0529 -4.6343 0 0 0 0
1629012122.110000134 18.2243 1.0844 -4.6343 0 0 0 0
1629012122.360000134 18.2737 1.1603 -4.6339 0 0 0 0
1629012122.470000029 18.2942 1.1952 -4.6351 0 0 0 0
1629012122.690000057 18.3209 1.2621 -4.6376 0 0 0 0
1629012122.850000143 18.3795 1.3932 -4.6380 0 0 0 0
1629012122.970000029 18.3983 1.4319 -4.6386 0 0 0 0
1629012123.150000095 18.4207 1.5261 -4.6391 0 0 0 0
1629012123.320000172 18.4416 1.6301 -4.6395 0 0 0 0
1629012123.509999990 18.4706 1.7243 -4.6394 0 0 0 0
1629012123.610000134 18.4748 1.7444 -4.6396 0 0 0 0
1629012123.720000029 18.4813 1.8115 -4.6405 0 0 0 0
1629012123.890000105 18.4664 1.9142 -4.6410 0 0 0 0
1629012124.009999990 18.4682 1.9600 -4.6414 0 0 0 0
1629012124.140000105 18.4764 2.0196 -4.6409 0 0 0 0
1629012124.280000210 18.4757 2.0639 -4.6415 0 0 0 0
1629012124.420000076 18.4643 2.1505 -4.6418 0 0 0 0
1629012124.620000124 18.4670 2.2571 -4.6418 0 0 0 0
1629012124.800000191 18.4584 2.3593 -4.6423 0 0 0 0
1629012124.910000086 18.4529 2.4041 -4.6423 0 0 0 0
1629012125.100000143 18.4532 2.5083 -4.6419 0 0 0 0
1629012125.280000210 18.4447 2.5936 -4.6423 0 0 0 0
1629012125.400000095 18.4379 2.6567 -4.6422 0 0 0 0
1629012125.630000114 18.4404 2.7462 -4.6427 0 0 0 0
1629012125.740000010 18.4340 2.8099 -4.6428 0 0 0 0
1629012125.840000153 18.4269 2.8533 -4.6429 0 0 0 0
1629012125.970000029 18.4242 2.9415 -4.6427 0 0 0 0
1629012126.080000162 18.4266 3.0034 -4.6425 0 0 0 0
1629012126.450000048 18.4192 3.1493 -4.6425 0 0 0 0
1629012126.560000181 18.4252 3.1919 -4.6428 0 0 0 0
1629012126.690000057 18.4301 3.2581 -4.6430 0 0 0 0
1629012126.820000172 18.4233 3.3644 -4.6435 0 0 0 0
1629012126.970000029 18.4366 3.4489 -4.6425 0 0 0 0
1629012127.090000153 18.4422 3.4901 -4.6432 0 0 0 0
1629012127.210000038 18.4422 3.5320 -4.6432 0 0 0 0
1629012127.320000172 18.4508 3.6341 -4.6426 0 0 0 0
1629012127.450000048 18.4556 3.6542 -4.6418 0 0 0 0
1629012127.610000134 18.4726 3.7405 -4.6433 0 0 0 0
1629012127.759999990 18.4755 3.8016 -4.6433 0 0 0 0
1629012127.870000124 18.4807 3.8443 -4.6431 0 0 0 0
1629012128.000000000 18.5035 3.9232 -4.6429 0 0 0 0
1629012128.130000114 18.5143 3.9851 -4.6425 0 0 0 0
1629012128.360000134 18.5309 4.0841 -4.6419 0 0 0 0
1629012128.480000019 18.5441 4.1246 -4.6424 0 0 0 0
1629012128.680000067 18.5701 4.2286 -4.6424 0 0 0 0
1629012128.800000191 18.5899 4.3071 -4.6416 0 0 0 0
1629012128.940000057 18.6054 4.3446 -4.6414 0 0 0 0
1629012129.050000191 18.6264 4.4020 -4.6416 0 0 0 0
1629012129.180000067 18.6451 4.4814 -4.6413 0 0 0 0
1629012129.340000153 18.6666 4.5374 -4.6408 0 0 0 0
1629012129.450000048 18.6831 4.5745 -4.6411 0 0 0 0
1629012129.680000067 18.7184 4.6755 -4.6415 0 0 0 0
1629012129.890000105 18.7587 4.7708 -4.6411 0 0 0 0
1629012130.030000210 18.7917 4.8436 -4.6414 0 0 0 0
1629012130.170000076 18.8239 4.9288 -4.6400 0 0 0 0
1629012130.400000095 18.8686 5.0103 -4.6402 0 0 0 0
1629012130.530000210 18.8843 5.0450 -4.6400 0 0 0 0
1629012130.690000057 18.9197 5.1139 -4.6405 0 0 0 0
1629012130.790000200 18.9550 5.1588 -4.6404 0 0 0 0
1629012130.930000067 18.9785 5.1889 -4.6402 0 0 0 0
1629012131.040000200 18.9982 5.2187 -4.6402 0 0 0 0
1629012131.270000219 19.0484 5.2935 -4.6397 0 0 0 0
1629012131.410000086 19.0737 5.3177 -4.6393 0 0 0 0
1629012131.520000219 19.1452 5.3966 -4.6390 0 0 0 0
1629012131.670000076 19.1666 5.4241 -4.6391 0 0 0 0
1629012131.770000219 19.2218 5.4708 -4.6387 0 0 0 0
1629012131.930000067 19.2495 5.4881 -4.6384 0 0 0 0
1629012132.100000143 19.3192 5.5445 -4.6384 0 0 0 0
1629012132.280000210 19.3864 5.5925 -4.6379 0 0 0 0
1629012132.430000067 19.4185 5.6083 -4.6380 0 0 0 0
1629012132.560000181 19.4907 5.6535 -4.6381 0 0 0 0
1629012132.720000029 19.5196 5.6716 -4.6382 0 0 0 0
1629012132.830000162 19.5654 5.6918 -4.6378 0 0 0 0
1629012132.960000038 19.6270 5.7135 -4.6371 0 0 0 0
1629012133.140000105 19.6709 5.7330 -4.6372 0 0 0 0
1629012133.240000010 19.7006 5.7471 -4.6371 0 0 0 0
1629012133.380000114 19.7750 5.7642 -4.6364 0 0 0 0
1629012133.530000210 19.8096 5.7703 -4.6366 0 0 0 0
1629012133.710000038 19.8943 5.7976 -4.6370 0 0 0 0
1629012133.820000172 19.9291 5.8061 -4.6370 0 0 0 0
1629012133.970000029 19.9790 5.8097 -4.6366 0 0 0 0
1629012134.110000134 20.0388 5.8095 -4.6362 0 0 0 0
1629012134.370000124 20.1180 5.8223 -4.6366 0 0 0 0
1629012134.480000019 20.1500 5.8255 -4.6365 0 0 0 0
1629012134.670000076 20.2341 5.8167 -4.6367 0 0 0 0
1629012134.820000172 20.3159 5.8173 -4.6364 0 0 0 0
1629012135.050000191 20.3869 5.8064 -4.6365 0 0 0 0
1629012135.170000076 20.4727 5.7847 -4.6363 0 0 0 0
1629012135.360000134 20.5058 5.7808 -4.6366 0 0 0 0
1629012135.500000000 20.5865 5.7626 -4.6366 0 0 0 0
1629012135.630000114 20.6278 5.7414 -4.6361 0 0 0 0
1629012135.750000000 20.6907 5.7243 -4.6365 0 0 0 0
1629012135.900000095 20.7437 5.7116 -4.6368 0 0 0 0
1629012136.030000210 20.7754 5.6972 -4.6364 0 0 0 0
1629012136.270000219 20.8459 5.6503 -4.6363 0 0 0 0
1629012136.550000191 20.9077 5.6197 -4.6365 0 0 0 0
1629012136.700000048 20.9841 5.5771 -4.6362 0 0 0 0
1629012136.890000105 21.0788 5.5080 -4.6359 0 0 0 0
1629012137.120000124 21.1478 5.4590 -4.6356 0 0 0 0
1629012137.290000200 21.2088 5.3961 -4.6354 0 0 0 0
1629012137.500000000 21.2783 5.3405 -4.6353 0 0 0 0
1629012137.650000095 21.3027 5.3155 -4.6349 0 0 0 0
1629012137.770000219 21.3540 5.2448 -4.6352 0 0 0 0
1629012138.000000000 21.4035 5.1955 -4.6355 0 0 0 0
1629012138.200000048 21.4538 5.1276 -4.6359 0 0 0 0
1629012138.400000095 21.4703 5.0974 -4.6356 0 0 0 0
1629012138.560000181 21.5170 5.0281 -4.6356 0 0 0 0
1629012138.730000019 21.5611 4.9559 -4.6352 0 0 0 0
1629012138.900000095 21.5860 4.8950 -4.6351 0 0 0 0
1629012139.070000172 21.6281 4.8240 -4.6351 0 0 0 0
1629012139.180000067 21.6427 4.7932 -4.6352 0 0 0 0
1629012139.320000172 21.6594 4.7435 -4.6352 0 0 0 0
1629012139.460000038 21.6776 4.6811 -4.6350 0 0 0 0
1629012139.560000181 21.6896 4.6518 -4.6352 0 0 0 0
1629012139.700000048 21.7091 4.6055 -4.6353 0 0 0 0
1629012139.890000105 21.7241 4.5251 -4.6347 0 0 0 0
1629012140.030000210 21.7347 4.4740 -4.6349 0 0 0 0
1629012140.160000086 21.7555 4.4093 -4.6354 0 0 0 0
1629012140.400000095 21.7638 4.3267 -4.6351 0 0 0 0
1629012140.509999990 21.7640 4.2941 -4.6351 0 0 0 0
1629012140.660000086 21.7774 4.2145 -4.6358 0 0 0 0
1629012140.770000219 21.7841 4.1825 -4.6357 0 0 0 0
1629012140.970000029 21.7856 4.1375 -4.6355 0 0 0 0
1629012141.120000124 21.7828 4.0911 -4.6354 0 0 0 0
1629012141.230000019 21.7885 4.0290 -4.6360 0 0 0 0
1629012141.370000124 21.7945 3.9998 -4.6358 0 0 0 0
1629012141.550000191 21.7959 3.9089 -4.6359 0 0 0 0
1629012141.670000076 21.7947 3.8806 -4.6359 0 0 0 0
1629012141.780000210 21.7954 3.8507 -4.6358 0 0 0 0
1629012141.960000038 21.7982 3.7939 -4.6358 0 0 0 0
1629012142.130000114 21.7997 3.7194 -4.6362 0 0 0 0
1629012142.270000219 21.8001 3.6756 -4.6359 0 0 0 0
1629012142.420000076 21.8011 3.6186 -4.6357 0 0 0 0
1629012142.560000181 21.8034 3.5779 -4.6361 0 0 0 0
1629012142.759999990 21.8141 3.4840 -4.6363 0 0 0 0
1629012142.970000029 21.8164 3.4292 -4.6361 0 0 0 0
1629012143.140000105 21.8169 3.3882 -4.6361 0 0 0 0
1629012143.310000181 21.8209 3.3213 -4.6361 0 0 0 0
1629012143.490000010 21.8263 3.2665 -4.6368 0 0 0 0
1629012143.650000095 21.8314 3.1968 -4.6364 0 0 0 0
1629012143.820000172 21.8330 3.1594 -4.6360 0 0 0 0
1629012143.960000038 21.8385 3.1049 -4.6363 0 0 0 0
1629012144.210000038 21.8502 3.0410 -4.6360 0 0 0 0
1629012144.370000124 21.8574 2.9891 -4.6361 0 0 0 0
1629012144.600000143 21.8655 2.9231 -4.6361 0 0 0 0
1629012144.820000172 21.8725 2.8604 -4.6357 0 0 0 0
1629012144.960000038 21.8756 2.8327 -4.6359 0 0 0 0
1629012145.070000172 21.8830 2.7932 -4.6361 0 0 0 0
1629012145.190000057 21.8962 2.7430 -4.6361 0 0 0 0
1629012145.320000172 21.9012 2.7076 -4.6359 0 0 0 0
1629012145.490000010 21.9092 2.6438 -4.6357 0 0 0 0
1629012145.590000153 21.9170 2.6176 -4.6355 0 0 0 0
1629012145.700000048 21.9263 2.5917 -4.6356 0 0 0 0
1629012145.890000105 21.9440 2.5275 -4.6358 0 0 0 0
1629012146.060000181 21.9594 2.4615 -4.6358 0 0 0 0
1629012146.170000076 21.9667 2.4364 -4.6356 0 0 0 0
1629012146.360000134 21.9730 2.4099 -4.6355 0 0 0 0
1629012146.490000010 21.9891 2.3412 -4.6355 0 0 0 0
1629012146.780000210 22.0168 2.2798 -4.6354 0 0 0 0
1629012146.900000095 22.0341 2.2268 -4.6350 0 0 0 0
1629012147.009999990 22.0452 2.1876 -4.6345 0 0 0 0
1629012147.120000124 22.0569 2.1600 -4.6342 0 0 0 0
1629012147.230000019 22.0802 2.1202 -4.6344 0 0 0 0
1629012147.410000086 22.1084 2.0679 -4.6345 0 0 0 0
1629012147.550000191 22.1205 2.0403 -4.6347 0 0 0 0
1629012147.650000095 22.1394 2.0018 -4.6345 0 0 0 0
1629012147.880000114 22.1778 1.9310 -4.6346 0 0 0 0
1629012148.030000210 22.2088 1.8830 -4.6343 0 0 0 0
1629012148.150000095 22.2268 1.8559 -4.6346 0 0 0 0
1629012148.259999990 22.2442 1.8330 -4.6346 0 0 0 0
1629012148.480000019 22.2912 1.7743 -4.6341 0 0 0 0
1629012148.650000095 22.3330 1.7173 -4.6338 0 0 0 0
1629012148.759999990 22.3523 1.6959 -4.6337 0 0 0 0
1629012148.870000124 22.3832 1.6649 -4.6338 0 0 0 0
1629012149.110000134 22.4263 1.6202 -4.6343 0 0 0 0
1629012149.300000191 22.4880 1.5632 -4.6337 0 0 0 0
1629012149.470000029 22.5310 1.5220 -4.6334 0 0 0 0
1629012149.600000143 22.5537 1.5024 -4.6331 0 0 0 0
1629012149.720000029 22.6267 1.4532 -4.6336 0 0 0 0
1629012149.870000124 22.6563 1.4341 -4.6337 0 0 0 0
1629012150.050000191 22.7242 1.3810 -4.6329 0 0 0 0
1629012150.210000038 22.7880 1.3428 -4.6333 0 0 0 0
1629012150.380000114 22.8740 1.3066 -4.6336 0 0 0 0
1629012150.570000172 22.9584 1.2632 -4.6324 0 0 0 0
1629012150.720000029 22.9963 1.2473 -4.6328 0 0 0 0
1629012150.850000143 23.0905 1.2168 -4.6337 0 0 0 0
1629012151.009999990 23.1323 1.2044 -4.6344 0 0 0 0
1629012151.160000086 23.2259 1.1790 -4.6340 0 0 0 0
1629012151.300000191 23.2851 1.1655 -4.6344 0 0 0 0
1629012151.490000010 23.3644 1.1597 -4.6343 0 0 0 0
1629012151.600000143 23.4044 1.1572 -4.6345 0 0 0 0
1629012151.720000029 23.4440 1.1515 -4.6346 0 0 0 0
1629012151.830000162 23.5082 1.1405 -4.6344 0 0 0 0
1629012152.090000153 23.5874 1.1351 -4.6350 0 0 0 0
1629012152.280000210 23.6875 1.1466 -4.6361 0 0 0 0
1629012285.180000067 35.5319 4.3894 0.7906 0 0 0 0
1629012285.290000200 35.5318 4.3893 0.7906 0 0 0 0
1629012285.450000048 35.5318 4.3894 0.7906 0 0 0 0
1629012285.560000181 35.5319 4.3893 0.7906 0 0 0 0
1629012285.700000048 35.5318 4.3892 0.7906 0 0 0 0
1629012285.900000095 35.5319 4.3892 0.7906 0 0 0 0
1629012286.000000000 35.5319 4.3892 0.7906 0 0 0 0
1629012286.110000134 35.5321 4.3892 0.7906 0 0 0 0
1629012286.250000000 35.5320 4.3891 0.7906 0 0 0 0
1629012286.410000086 35.5320 4.3891 0.7906 0 0 0 0
1629012286.590000153 35.5323 4.3890 0.7906 0 0 0 0
1629012286.750000000 35.5323 4.3888 0.7905 0 0 0 0
1629012286.850000143 35.5321 4.3885 0.7905 0 0 0 0
1629012286.970000029 35.5326 4.3884 0.7905 0 0 0 0
1629012287.070000172 35.5325 4.3883 0.7908 0 0 0 0
1629012287.220000029 35.5343 4.3856 0.7907 0 0 0 0
1629012287.370000124 35.5378 4.3811 0.7908 0 0 0 0
1629012287.560000181 35.5422 4.3740 0.7910 0 0 0 0
1629012287.850000143 35.5458 4.3679 0.7906 0 0 0 0
1629012288.090000153 35.5401 4.3753 0.7906 0 0 0 0
1629012288.250000000 35.5374 4.3793 0.7905 0 0 0 0
1629012288.410000086 35.5360 4.3815 0.7904 0 0 0 0
1629012288.610000134 35.5228 4.3993 0.7906 0 0 0 0
1629012288.790000200 35.5090 4.4195 0.7910 0 0 0 0
1629012289.020000219 35.4987 4.4336 0.7912 0 0 0 0
1629012289.170000076 35.4411 4.5120 0.7913 0 0 0 0
1629012289.330000162 35.4094 4.5535 0.7906 0 0 0 0
1629012289.430000067 35.3858 4.5852 0.7908 0 0 0 0
1629012289.620000124 35.3299 4.6630 0.7910 0 0 0 0
1629012289.720000029 35.3063 4.6932 0.7906 0 0 0 0
1629012289.830000162 35.2860 4.7329 0.7906 0 0 0 0
1629012290.130000114 35.2127 4.8629 0.7915 0 0 0 0
1629012290.380000114 35.1689 4.9315 0.7914 0 0 0 0
1629012290.500000000 35.1331 5.0002 0.7915 0 0 0 0
1629012290.670000076 35.1021 5.0821 0.7917 0 0 0 0
1629012290.810000181 35.0863 5.1101 0.7918 0 0 0 0
1629012291.050000191 35.0538 5.1806 0.7924 0 0 0 0
1629012291.160000086 35.0494 5.2068 0.7925 0 0 0 0
1629012291.290000200 35.0340 5.2586 0.7921 0 0 0 0
1629012291.420000076 35.0230 5.2783 0.7925 0 0 0 0
1629012291.620000124 35.0045 5.3230 0.7927 0 0 0 0
1629012291.740000010 34.9979 5.3419 0.7927 0 0 0 0
1629012291.840000153 34.9909 5.3611 0.7928 0 0 0 0
1629012291.950000048 34.9793 5.3907 0.7930 0 0 0 0
1629012292.060000181 34.9727 5.4111 0.7931 0 0 0 0
1629012292.220000029 34.9563 5.4674 0.7931 0 0 0 0
1629012292.390000105 34.9495 5.4902 0.7930 0 0 0 0
1629012292.550000191 34.9267 5.5470 0.7934 0 0 0 0
1629012292.660000086 34.9176 5.5701 0.7937 0 0 0 0
1629012292.800000191 34.9058 5.6181 0.7939 0 0 0 0
1629012293.009999990 34.8937 5.6799 0.7938 0 0 0 0
1629012293.170000076 34.8845 5.7036 0.7938 0 0 0 0
1629012293.270000219 34.8701 5.7407 0.7940 0 0 0 0
1629012293.390000105 34.8539 5.7929 0.7912 0 0 0 0
1629012293.560000181 34.8311 5.8561 0.7949 0 0 0 0
1629012293.710000038 34.8239 5.8810 0.7951 0 0 0 0
1629012293.820000172 34.8181 5.9086 0.7952 0 0 0 0
1629012293.930000067 34.8095 5.9481 0.7953 0 0 0 0
1629012294.060000181 34.8036 5.9727 0.7943 0 0 0 0
1629012294.190000057 34.7846 6.0252 0.7947 0 0 0 0
1629012294.390000105 34.7729 6.0648 0.7951 0 0 0 0
1629012294.550000191 34.7646 6.1365 0.7951 0 0 0 0
1629012294.660000086 34.7581 6.1655 0.7951 0 0 0 0
1629012294.900000095 34.7369 6.2260 0.7949 0 0 0 0
1629012295.080000162 34.7126 6.3106 0.7951 0 0 0 0
1629012295.280000210 34.6884 6.4346 0.7945 0 0 0 0
1629012295.450000048 34.6798 6.4725 0.7946 0 0 0 0
1629012295.600000143 34.6709 6.5097 0.7952 0 0 0 0
1629012295.780000210 34.6597 6.6035 0.7951 0 0 0 0
1629012295.930000067 34.6499 6.6994 0.7947 0 0 0 0
1629012296.110000134 34.6369 6.7776 0.7953 0 0 0 0
1629012296.270000219 34.6377 6.8742 0.7952 0 0 0 0
1629012296.460000038 34.6376 6.9327 0.7945 0 0 0 0
1629012296.610000134 34.6308 7.0136 0.7952 0 0 0 0
1629012296.720000029 34.6319 7.0536 0.7952 0 0 0 0
1629012296.880000114 34.6367 7.1516 0.7947 0 0 0 0
1629012297.000000000 34.6336 7.1902 0.7944 0 0 0 0
1629012297.120000124 34.6272 7.2299 0.7950 0 0 0 0
1629012297.310000181 34.6210 7.3525 0.7952 0 0 0 0
1629012297.430000067 34.6223 7.3932 0.7946 0 0 0 0
1629012297.580000162 34.6119 7.4791 0.7948 0 0 0 0
1629012297.730000019 34.6014 7.5473 0.7951 0 0 0 0
1629012297.920000076 34.6006 7.5940 0.7948 0 0 0 0
1629012298.160000086 34.5735 7.7399 0.7948 0 0 0 0
1629012298.340000153 34.5385 7.8615 0.7952 0 0 0 0
1629012298.490000010 34.5121 7.9623 0.7951 0 0 0 0
1629012298.590000153 34.4817 8.0438 0.7959 0 0 0 0
1629012298.730000019 34.4650 8.0967 0.7955 0 0 0 0
1629012298.910000086 34.4157 8.2298 0.7957 0 0 0 0
1629012299.030000210 34.3922 8.2834 0.7955 0 0 0 0
1629012299.290000200 34.3623 8.3908 0.7954 0 0 0 0
1629012299.450000048 34.3214 8.5335 0.7959 0 0 0 0
1629012299.600000143 34.3071 8.5866 0.7953 0 0 0 0
1629012299.710000038 34.2799 8.6681 0.7953 0 0 0 0
1629012299.830000162 34.2478 8.7780 0.7949 0 0 0 0
1629012300.070000172 34.2209 8.9214 0.7954 0 0 0 0
1629012300.230000019 34.2082 8.9782 0.7949 0 0 0 0
1629012300.390000105 34.1873 9.0886 0.7948 0 0 0 0
1629012300.560000181 34.1576 9.2296 0.7951 0 0 0 0
1629012300.770000219 34.1438 9.3688 0.7953 0 0 0 0
1629012300.880000114 34.1335 9.4810 0.7951 0 0 0 0
1629012301.050000191 34.1335 9.4810 0.7951 0 0 0 0
1629012301.250000000 34.1136 9.6821 0.7963 0 0 0 0
1629012301.360000134 34.1120 9.7381 0.7959 0 0 0 0
1629012301.540000200 34.1145 9.8804 0.7960 0 0 0 0
1629012301.710000038 34.1161 10.0217 0.7955 0 0 0 0
1629012301.810000181 34.1136 10.0801 0.7960 0 0 0 0
1629012301.930000067 34.1099 10.1363 0.7962 0 0 0 0
1629012302.130000114 34.1065 10.2774 0.7962 0 0 0 0
1629012302.360000134 34.0955 10.4131 0.7971 0 0 0 0
1629012302.460000038 34.0895 10.4664 0.7965 0 0 0 0
1629012302.630000114 34.0677 10.5944 0.7967 0 0 0 0
1629012302.759999990 34.0614 10.6424 0.7970 0 0 0 0
1629012302.870000124 34.0525 10.7580 0.7965 0 0 0 0
1629012303.009999990 34.0494 10.8050 0.7972 0 0 0 0
1629012303.230000019 34.0487 10.8981 0.7969 0 0 0 0
1629012303.380000114 34.0368 10.9700 0.7971 0 0 0 0
1629012303.520000219 34.0280 11.0263 0.7974 0 0 0 0
1629012303.680000067 34.0264 11.0983 0.7966 0 0 0 0
1629012303.800000191 34.0166 11.1572 0.7970 0 0 0 0
1629012303.920000076 34.0136 11.1972 0.7967 0 0 0 0
1629012304.100000143 34.0303 11.2902 0.7966 0 0 0 0
1629012304.250000000 34.0291 11.3712 0.7980 0 0 0 0
1629012304.420000076 34.0312 11.4328 0.7989 0 0 0 0
1629012304.550000191 34.0357 11.4696 0.7991 0 0 0 0
1629012304.710000038 34.0415 11.5330 0.8013 0 0 0 0
1629012304.810000181 34.0406 11.5698 0.8019 0 0 0 0
1629012304.980000019 34.0404 11.6605 0.8011 0 0 0 0
1629012305.080000162 34.0441 11.7026 0.8017 0 0 0 0
1629012305.190000057 34.0512 11.7407 0.8017 0 0 0 0
1629012305.330000162 34.0744 11.8265 0.7993 0 0 0 0
1629012305.520000219 34.0966 11.9243 0.7997 0 0 0 0
1629012305.680000067 34.1316 12.0171 0.7999 0 0 0 0
1629012305.790000200 34.1443 12.0513 0.8004 0 0 0 0
1629012305.910000086 34.1555 12.0868 0.8009 0 0 0 0
1629012306.120000124 34.1712 12.1289 0.8014 0 0 0 0
1629012306.230000019 34.1949 12.1694 0.8011 0 0 0 0
1629012306.370000124 34.2122 12.2127 0.8017 0 0 0 0
1629012306.530000210 34.2134 12.2184 0.8013 0 0 0 0
1629012306.730000019 34.2177 12.2240 0.8009 0 0 0 0
1629012306.830000162 34.2163 12.2194 0.8008 0 0 0 0
1629012307.020000219 34.2121 12.2115 0.8006 0 0 0 0
1629012307.160000086 34.2109 12.2075 0.8002 0 0 0 0
1629012307.330000162 34.2094 12.2035 0.8002 0 0 0 0
1629012307.490000010 34.2093 12.2034 0.8002 0 0 0 0
1629012307.670000076 34.2096 12.2040 0.8002 0 0 0 0
1629012307.800000191 34.2095 12.2041 0.8001 0 0 0 0
1629012307.960000038 34.2095 12.2035 0.8001 0 0 0 0
1629012308.190000057 34.2094 12.2034 0.8002 0 0 0 0
1629012308.520000219 34.2094 12.2035 0.8001 0 0 0 0
1629012308.710000038 34.2093 12.2031 0.8001 0 0 0 0
1629012308.840000153 34.2092 12.2034 0.8003 0 0 0 0
1629012308.970000029 34.2054 12.1942 0.8004 0 0 0 0
1629012309.130000114 34.2026 12.1892 0.8005 0 0 0 0
1629012309.350000143 34.1994 12.1818 0.8007 0 0 0 0
1629012309.520000219 34.1863 12.1541 0.8010 0 0 0 0
1629012309.630000114 34.1655 12.1111 0.8010 0 0 0 0
1629012309.780000210 34.1551 12.0888 0.8007 0 0 0 0
1629012309.910000086 34.1247 12.0303 0.8001 0 0 0 0
1629012310.110000134 34.0935 11.9654 0.7998 0 0 0 0
1629012310.210000038 34.0792 11.9406 0.7998 0 0 0 0
1629012310.480000019 34.0370 11.8829 0.7997 0 0 0 0
1629012310.590000153 34.0126 11.8486 0.7997 0 0 0 0
1629012310.740000010 33.9847 11.8023 0.7997 0 0 0 0
1629012310.890000105 33.9420 11.7594 0.8019 0 0 0 0
1629012311.080000162 33.9085 11.7191 0.8016 0 0 0 0
1629012311.200000048 33.8898 11.6832 0.8012 0 0 0 0
1629012311.300000191 33.8760 11.6591 0.8010 0 0 0 0
1629012311.460000038 33.8250 11.6084 0.8007 0 0 0 0
1629012311.630000114 33.8055 11.5883 0.8008 0 0 0 0
1629012311.759999990 33.7864 11.5662 0.8006 0 0 0 0
1629012311.930000067 33.7499 11.5153 0.8006 0 0 0 0
1629012312.060000181 33.7087 11.4588 0.7994 0 0 0 0
1629012312.200000048 33.6933 11.4367 0.8000 0 0 0 0
1629012312.370000124 33.6584 11.3884 0.8011 0 0 0 0
1629012312.530000210 33.6410 11.3683 0.8010 0 0 0 0
1629012312.650000095 33.5975 11.3236 0.8010 0 0 0 0
1629012312.780000210 33.5806 11.3030 0.8009 0 0 0 0
1629012312.960000038 33.5470 11.2493 0.8002 0 0 0 0
1629012313.140000105 33.5317 11.2271 0.8000 0 0 0 0
1629012313.240000010 33.5079 11.1909 0.7996 0 0 0 0
1629012313.509999990 33.4687 11.1318 0.7983 0 0 0 0
1629012313.670000076 33.4395 11.0844 0.7979 0 0 0 0
1629012313.800000191 33.4152 11.0231 0.7977 0 0 0 0
1629012313.940000057 33.4054 11.0003 0.7978 0 0 0 0
1629012314.050000191 33.3920 10.9651 0.7979 0 0 0 0
1629012314.180000067 33.3807 10.9227 0.7980 0 0 0 0
1629012314.410000086 33.3598 10.8661 0.7972 0 0 0 0
1629012314.509999990 33.3341 10.8227 0.7976 0 0 0 0
1629012314.670000076 33.3201 10.7865 0.7975 0 0 0 0
1629012314.810000181 33.3140 10.7504 0.7990 0 0 0 0
1629012315.030000210 33.2939 10.6994 0.7975 0 0 0 0
1629012315.160000086 33.2637 10.6449 0.7984 0 0 0 0
1629012315.270000219 33.2531 10.6172 0.7982 0 0 0 0
1629012315.380000114 33.2494 10.5789 0.7980 0 0 0 0
1629012315.590000153 33.2390 10.5162 0.7983 0 0 0 0
1629012315.740000010 33.2297 10.4955 0.7986 0 0 0 0
1629012315.840000153 33.2211 10.4735 0.7988 0 0 0 0
1629012315.990000010 33.2099 10.4084 0.7984 0 0 0 0
1629012316.110000134 33.2075 10.3830 0.7987 0 0 0 0
1629012316.220000029 33.2031 10.3436 0.7986 0 0 0 0
1629012316.400000095 33.1959 10.2932 0.7989 0 0 0 0
1629012316.570000172 33.1880 10.2282 0.7994 0 0 0 0
1629012316.740000010 33.1861 10.2014 0.7995 0 0 0 0
1629012316.880000114 33.1828 10.1372 0.7999 0 0 0 0
1629012317.080000162 33.1818 10.0699 0.7994 0 0 0 0
1629012317.240000010 33.1819 10.0425 0.7994 0 0 0 0
1629012317.360000134 33.1796 10.0149 0.7993 0 0 0 0
1629012317.509999990 33.1761 9.9476 0.7997 0 0 0 0
1629012317.700000048 33.1843 9.8831 0.7994 0 0 0 0
1629012317.870000124 33.1865 9.8309 0.7993 0 0 0 0
1629012317.990000010 33.1910 9.7922 0.7994 0 0 0 0
1629012318.100000143 33.1958 9.7652 0.7994 0 0 0 0
1629012318.230000019 33.2004 9.7382 0.7994 0 0 0 0
1629012318.390000105 33.2071 9.6726 0.7997 0 0 0 0
1629012318.509999990 33.2103 9.6479 0.7998 0 0 0 0
1629012318.630000114 33.2200 9.5981 0.7997 0 0 0 0
1629012318.800000191 33.2273 9.5577 0.7994 0 0 0 0
1629012318.950000048 33.2334 9.5306 0.7991 0 0 0 0
1629012319.110000134 33.2511 9.4676 0.7995 0 0 0 0
1629012319.210000038 33.2571 9.4407 0.7995 0 0 0 0
1629012319.340000153 33.2624 9.4142 0.7993 0 0 0 0
1629012319.500000000 33.2850 9.3500 0.7991 0 0 0 0
1629012319.610000134 33.2850 9.3500 0.7991 0 0 0 0
1629012319.730000019 33.3114 9.2869 0.7987 0 0 0 0
1629012319.840000153 33.3200 9.2598 0.7987 0 0 0 0
1629012319.960000038 33.3292 9.2339 0.7988 0 0 0 0
1629012320.080000162 33.3435 9.1951 0.7987 0 0 0 0
1629012320.250000000 33.3636 9.1399 0.7985 0 0 0 0
1629012320.430000067 33.3958 9.0775 0.7981 0 0 0 0
1629012320.540000200 33.4088 9.0542 0.7980 0 0 0 0
1629012320.700000048 33.4357 8.9902 0.7981 0 0 0 0
1629012320.900000095 33.4627 8.9421 0.7983 0 0 0 0
1629012321.040000200 33.5047 8.8850 0.7981 0 0 0 0
1629012321.210000038 33.5265 8.8491 0.7979 0 0 0 0
1629012321.360000134 33.5569 8.8014 0.7976 0 0 0 0
1629012321.509999990 33.5730 8.7770 0.7974 0 0 0 0
1629012321.630000114 33.5975 8.7413 0.7974 0 0 0 0
1629012321.840000153 33.6307 8.6987 0.7976 0 0 0 0
1629012321.980000019 33.6477 8.6753 0.7975 0 0 0 0
1629012322.120000124 33.6908 8.6175 0.7972 0 0 0 0
1629012322.360000134 33.7320 8.5586 0.7976 0 0 0 0
1629012322.470000029 33.7449 8.5357 0.7979 0 0 0 0
1629012322.610000134 33.7772 8.4840 0.7976 0 0 0 0
1629012322.780000210 33.7999 8.4485 0.7975 0 0 0 0
1629012322.880000114 33.8290 8.3934 0.7970 0 0 0 0
1629012322.990000010 33.8290 8.3934 0.7970 0 0 0 0
1629012323.110000134 33.8599 8.3266 0.7972 0 0 0 0
1629012323.240000010 33.8727 8.3013 0.7973 0 0 0 0
1629012323.380000114 33.8850 8.2756 0.7973 0 0 0 0
1629012323.530000210 33.9154 8.2096 0.7970 0 0 0 0
1629012323.660000086 33.9269 8.1826 0.7972 0 0 0 0
1629012323.840000153 33.9362 8.1561 0.7973 0 0 0 0
1629012324.090000153 33.9787 8.0464 0.7972 0 0 0 0
1629012324.220000029 34.0033 7.9713 0.7970 0 0 0 0
1629012324.340000153 34.0094 7.9413 0.7971 0 0 0 0
1629012324.450000048 34.0205 7.8778 0.7970 0 0 0 0
1629012324.580000162 34.0271 7.8471 0.7971 0 0 0 0
1629012324.780000210 34.0494 7.7717 0.7968 0 0 0 0
1629012324.960000038 34.0568 7.7235 0.7970 0 0 0 0
1629012325.100000143 34.0581 7.6893 0.7969 0 0 0 0
1629012325.230000019 34.0671 7.6228 0.7969 0 0 0 0
1629012325.430000067 34.0760 7.5891 0.7966 0 0 0 0
1629012325.570000172 34.0823 7.4664 0.7968 0 0 0 0
1629012325.710000038 34.0808 7.4160 0.7969 0 0 0 0
1629012325.810000181 34.0821 7.3819 0.7967 0 0 0 0
1629012326.020000219 34.0827 7.2929 0.7965 0 0 0 0
1629012326.150000095 34.0780 7.2254 0.7967 0 0 0 0
1629012326.360000134 34.0777 7.1729 0.7964 0 0 0 0
1629012326.509999990 34.0803 7.1024 0.7962 0 0 0 0
1629012326.650000095 34.0798 7.0308 0.7965 0 0 0 0
1629012326.759999990 34.0770 6.9779 0.7950 0 0 0 0
1629012326.920000076 34.0812 6.9416 0.7969 0 0 0 0
1629012327.100000143 34.0884 6.8512 0.7965 0 0 0 0
1629012327.200000048 34.0902 6.8137 0.7966 0 0 0 0
1629012327.320000172 34.0924 6.7789 0.7971 0 0 0 0
1629012327.420000076 34.0980 6.7259 0.7971 0 0 0 0
1629012327.520000219 34.1033 6.6887 0.7969 0 0 0 0
1629012327.700000048 34.1183 6.6159 0.7968 0 0 0 0
1629012327.860000134 34.1355 6.5190 0.7970 0 0 0 0
1629012327.970000029 34.1399 6.4806 0.7969 0 0 0 0
1629012328.100000143 34.1484 6.4218 0.7969 0 0 0 0
1629012328.270000219 34.1726 6.3226 0.7966 0 0 0 0
1629012328.490000010 34.1798 6.2614 0.7971 0 0 0 0
1629012328.610000134 34.1820 6.1963 0.7969 0 0 0 0
1629012328.730000019 34.1853 6.1572 0.7969 0 0 0 0
1629012328.910000086 34.1968 6.0531 0.7968 0 0 0 0
1629012329.080000162 34.1910 5.9710 0.7967 0 0 0 0
1629012329.200000048 34.1907 5.9063 0.7963 0 0 0 0
1629012329.350000143 34.1953 5.8621 0.7962 0 0 0 0
1629012329.460000038 34.1991 5.8238 0.7963 0 0 0 0
1629012329.790000200 34.2114 5.6792 0.7959 0 0 0 0
1629012329.950000048 34.2299 5.5765 0.7956 0 0 0 0
1629012330.080000162 34.2368 5.4755 0.7956 0 0 0 0
1629012330.220000029 34.2368 5.4755 0.7956 0 0 0 0
1629012330.370000124 34.2544 5.3948 0.7951 0 0 0 0
1629012330.540000200 34.2778 5.2999 0.7951 0 0 0 0
1629012330.770000219 34.2995 5.1995 0.7946 0 0 0 0
1629012330.890000105 34.3161 5.1567 0.7941 0 0 0 0
1629012331.020000219 34.3410 5.0776 0.7937 0 0 0 0
1629012331.160000086 34.3498 5.0145 0.7934 0 0 0 0
1629012331.270000219 34.3592 4.9724 0.7932 0 0 0 0
1629012331.410000086 34.4040 4.8806 0.7930 0 0 0 0
1629012331.550000191 34.4188 4.8414 0.7927 0 0 0 0
1629012331.720000029 34.4420 4.7615 0.7924 0 0 0 0
1629012331.820000172 34.4612 4.7224 0.7921 0 0 0 0
1629012331.930000067 34.4958 4.6655 0.7917 0 0 0 0
1629012332.090000153 34.5269 4.5862 0.7914 0 0 0 0
1629012332.270000219 34.5673 4.4846 0.7918 0 0 0 0
1629012332.420000076 34.5888 4.4465 0.7917 0 0 0 0
1629012332.540000200 34.6163 4.3878 0.7917 0 0 0 0
1629012332.650000095 34.6294 4.3469 0.7920 0 0 0 0
1629012332.770000219 34.6429 4.3067 0.7922 0 0 0 0
1629012332.890000105 34.6824 4.2064 0.7917 0 0 0 0
1629012332.990000010 34.6824 4.2064 0.7917 0 0 0 0
1629012333.230000019 34.7194 4.0470 0.7930 0 0 0 0
1629012333.450000048 34.7424 3.9589 0.7921 0 0 0 0
1629012333.600000143 34.7536 3.8730 0.7922 0 0 0 0
1629012333.820000172 34.7720 3.7645 0.7921 0 0 0 0
1629012333.980000019 34.7795 3.7014 0.7923 0 0 0 0
1629012334.090000153 34.7782 3.6576 0.7922 0 0 0 0
1629012334.240000010 34.7784 3.5449 0.7918 0 0 0 0
1629012334.380000114 34.7800 3.5236 0.7919 0 0 0 0
1629012334.520000219 34.7781 3.4157 0.7915 0 0 0 0
1629012334.660000086 34.7715 3.3258 0.7915 0 0 0 0
1629012334.759999990 34.7672 3.2580 0.7917 0 0 0 0
1629012334.910000086 34.7602 3.2158 0.7918 0 0 0 0
1629012335.009999990 34.7511 3.1718 0.7918 0 0 0 0
1629012335.170000076 34.7316 3.0645 0.7918 0 0 0 0
1629012335.370000124 34.7202 3.0200 0.7916 0 0 0 0
1629012335.530000210 34.6942 2.9163 0.7920 0 0 0 0
1629012335.720000029 34.6663 2.8271 0.7918 0 0 0 0
1629012335.850000143 34.6243 2.7236 0.7919 0 0 0 0
1629012336.009999990 34.6030 2.6648 0.7922 0 0 0 0
1629012336.230000019 34.5583 2.5824 0.7920 0 0 0 0
1629012336.360000134 34.5350 2.5422 0.7918 0 0 0 0
1629012336.530000210 34.4960 2.4613 0.7918 0 0 0 0
1629012336.630000114 34.4594 2.4021 0.7918 0 0 0 0
1629012336.750000000 34.4308 2.3646 0.7916 0 0 0 0
1629012336.950000048 34.3727 2.2750 0.7918 0 0 0 0
1629012337.060000181 34.3481 2.2405 0.7919 0 0 0 0
1629012337.330000162 34.2592 2.1288 0.7943 0 0 0 0
1629012337.470000029 34.2592 2.1288 0.7943 0 0 0 0
1629012337.600000143 34.1762 2.0575 0.7910 0 0 0 0
1629012337.759999990 34.1050 1.9836 0.7913 0 0 0 0
1629012337.890000105 34.0729 1.9551 0.7912 0 0 0 0
1629012337.990000010 34.0247 1.9154 0.7914 0 0 0 0
1629012338.220000029 33.9208 1.8158 0.7908 0 0 0 0
1629012338.460000038 33.8534 1.7642 0.7904 0 0 0 0
1629012338.630000114 33.8175 1.7296 0.7901 0 0 0 0
1629012338.790000200 33.8083 1.7149 0.7899 0 0 0 0
1629012338.960000038 33.7935 1.6954 0.7898 0 0 0 0
1629012339.130000114 33.7904 1.6944 0.7897 0 0 0 0
1629012339.259999990 33.7987 1.7024 0.7898 0 0 0 0
1629012339.400000095 33.8088 1.7151 0.7898 0 0 0 0
1629012339.560000181 33.8313 1.7441 0.7898 0 0 0 0
1629012339.710000038 33.8464 1.7609 0.7901 0 0 0 0
1629012339.950000048 33.8982 1.8145 0.7904 0 0 0 0
1629012340.120000124 33.8982 1.8145 0.7904 0 0 0 0
1629012340.280000210 34.0009 1.9216 0.7920 0 0 0 0
1629012340.460000038 34.0683 1.9907 0.7914 0 0 0 0
1629012340.580000162 34.1034 2.0204 0.7912 0 0 0 0
1629012340.720000029 34.2015 2.0912 0.7920 0 0 0 0
1629012340.830000162 34.2402 2.1198 0.7925 0 0 0 0
1629012340.940000057 34.2770 2.1459 0.7923 0 0 0 0
1629012341.050000191 34.3879 2.2089 0.7929 0 0 0 0
1629012341.220000029 34.4508 2.2445 0.7938 0 0 0 0
1629012341.400000095 34.5326 2.2888 0.7938 0 0 0 0
1629012341.560000181 34.5774 2.3083 0.7941 0 0 0 0
1629012341.700000048 34.6791 2.3408 0.7923 0 0 0 0
1629012341.900000095 34.7829 2.3838 0.7936 0 0 0 0
1629012342.030000210 34.8245 2.3944 0.7927 0 0 0 0
1629012342.170000076 34.9066 2.4058 0.7939 0 0 0 0
1629012342.370000124 34.9706 2.4223 0.7940 0 0 0 0
1629012342.520000219 35.0504 2.4389 0.7941 0 0 0 0
1629012342.630000114 35.0916 2.4408 0.7937 0 0 0 0
1629012342.730000019 35.1573 2.4437 0.7931 0 0 0 0
1629012342.880000114 35.2436 2.4552 0.7938 0 0 0 0
1629012343.009999990 35.3074 2.4598 0.7938 0 0 0 0
1629012343.130000114 35.3492 2.4557 0.7932 0 0 0 0
1629012343.240000010 35.3928 2.4500 0.7934 0 0 0 0
1629012343.360000134 35.5026 2.4469 0.7930 0 0 0 0
1629012343.530000210 35.5490 2.4451 0.7930 0 0 0 0
1629012343.630000114 35.6171 2.4355 0.7927 0 0 0 0
1629012343.759999990 35.7039 2.4133 0.7919 0 0 0 0
1629012343.870000124 35.7474 2.4030 0.7920 0 0 0 0
1629012343.980000019 35.8151 2.3892 0.7925 0 0 0 0
1629012344.180000067 35.8595 2.3738 0.7924 0 0 0 0
1629012344.440000057 36.0047 2.3100 0.7914 0 0 0 0
1629012344.570000172 36.0514 2.2938 0.7915 0 0 0 0
1629012344.690000057 36.1593 2.2353 0.7911 0 0 0 0
1629012344.900000095 36.1593 2.2353 0.7911 0 0 0 0
1629012345.000000000 36.3104 2.1307 0.7911 0 0 0 0
1629012345.160000086 36.3575 2.0974 0.7917 0 0 0 0
1629012345.330000162 36.4476 2.0053 0.7915 0 0 0 0
1629012345.500000000 36.5455 1.8984 0.7930 0 0 0 0
1629012345.670000076 36.6102 1.8139 0.7921 0 0 0 0
1629012345.790000200 36.6420 1.7658 0.7929 0 0 0 0
1629012345.910000086 36.6884 1.6971 0.7928 0 0 0 0
1629012346.120000124 36.7422 1.5920 0.7937 0 0 0 0
1629012346.220000029 36.7651 1.5394 0.7942 0 0 0 0
1629012346.410000086 36.8201 1.4092 0.7936 0 0 0 0
1629012346.530000210 36.8368 1.3547 0.7940 0 0 0 0
1629012346.650000095 36.8681 1.2146 0.7942 0 0 0 0
1629012346.790000200 36.8743 1.1522 0.7942 0 0 0 0
1629012346.910000086 36.8762 1.0637 0.7938 0 0 0 0
1629012347.030000210 36.8763 0.9997 0.7938 0 0 0 0
1629012347.170000076 36.8697 0.8761 0.7935 0 0 0 0
1629012347.280000210 36.8609 0.8181 0.7929 0 0 0 0
1629012347.400000095 36.8470 0.7208 0.7924 0 0 0 0
1629012347.640000105 36.8437 0.5940 0.7925 0 0 0 0
1629012347.750000000 36.8467 0.4998 0.7919 0 0 0 0
1629012347.890000105 36.8517 0.4061 0.7920 0 0 0 0
1629012348.030000210 36.8577 0.2905 0.7914 0 0 0 0
1629012348.170000076 36.8745 0.1687 0.7922 0 0 0 0
1629012348.420000076 36.9019 0.0311 0.7914 0 0 0 0
1629012348.570000172 36.9288 -0.0669 0.7905 0 0 0 0
1629012348.680000067 36.9439 -0.1067 0.7909 0 0 0 0
1629012348.790000200 36.9671 -0.1634 0.7911 0 0 0 0
1629012348.980000019 36.9858 -0.2233 0.7911 0 0 0 0
1629012349.140000105 36.9944 -0.2499 0.7913 0 0 0 0
1629012349.280000210 37.0008 -0.2545 0.7914 0 0 0 0
1629012349.450000048 36.9874 -0.2270 0.7911 0 0 0 0
1629012349.630000114 36.9750 -0.2025 0.7915 0 0 0 0
1629012349.800000191 36.9502 -0.1463 0.7915 0 0 0 0
1629012350.170000076 36.8757 -0.0266 0.7918 0 0 0 0
1629012350.370000124 36.8279 0.0571 0.7924 0 0 0 0
1629012350.509999990 36.7797 0.1801 0.7920 0 0 0 0
1629012350.650000095 36.7348 0.2799 0.7916 0 0 0 0
1629012350.820000172 36.7064 0.3591 0.7913 0 0 0 0
1629012350.950000048 36.6679 0.4668 0.7919 0 0 0 0
1629012351.110000134 36.6456 0.5187 0.7919 0 0 0 0
1629012351.240000010 36.6126 0.5963 0.7914 0 0 0 0
1629012351.360000134 36.5911 0.6493 0.7914 0 0 0 0
1629012351.470000029 36.5386 0.7708 0.7918 0 0 0 0
1629012351.650000095 36.4706 0.8791 0.7919 0 0 0 0
1629012351.770000219 36.4373 0.9231 0.7919 0 0 0 0
1629012351.910000086 36.4104 0.9646 0.7922 0 0 0 0
1629012352.030000210 36.3678 1.0341 0.7915 0 0 0 0
1629012352.130000114 36.3376 1.0755 0.7915 0 0 0 0
1629012352.350000143 36.2532 1.1681 0.7919 0 0 0 0
1629012352.540000200 36.1855 1.2410 0.7920 0 0 0 0
1629012352.680000067 36.1301 1.2899 0.7922 0 0 0 0
1629012352.790000200 36.0429 1.3767 0.7924 0 0 0 0
1629012352.950000048 35.9648 1.4353 0.7925 0 0 0 0
1629012353.090000153 35.9189 1.4641 0.7925 0 0 0 0
1629012353.250000000 35.8158 1.5321 0.7931 0 0 0 0
1629012353.360000134 35.7758 1.5626 0.7928 0 0 0 0
1629012353.560000181 35.7339 1.5909 0.7930 0 0 0 0
1629012353.670000076 35.6284 1.6551 0.7934 0 0 0 0
1629012353.880000114 35.5415 1.7113 0.7932 0 0 0 0
1629012354.090000153 35.4294 1.7786 0.7932 0 0 0 0
1629012354.220000029 35.3906 1.8072 0.7932 0 0 0 0
1629012354.370000124 35.2863 1.8882 0.7929 0 0 0 0
1629012354.509999990 35.2472 1.9186 0.7931 0 0 0 0
1629012354.700000048 35.1470 2.0067 0.7922 0 0 0 0
1629012354.830000162 35.0938 2.0614 0.7923 0 0 0 0
1629012354.990000010 35.0318 2.1376 0.7918 0 0 0 0
1629012355.130000114 35.0020 2.1762 0.7920 0 0 0 0
1629012355.259999990 34.9331 2.2845 0.7914 0 0 0 0
1629012355.360000134 34.9072 2.3278 0.7915 0 0 0 0
1629012355.500000000 34.8821 2.3703 0.7918 0 0 0 0
1629012355.630000114 34.8323 2.4830 0.7914 0 0 0 0
1629012355.870000124 34.8063 2.5483 0.7917 0 0 0 0
1629012356.000000000 34.7762 2.6341 0.7924 0 0 0 0
1629012356.130000114 34.7674 2.6780 0.7927 0 0 0 0
1629012356.290000200 34.7431 2.7935 0.7924 0 0 0 0
1629012356.420000076 34.7371 2.8400 0.7927 0 0 0 0
1629012356.570000172 34.7339 2.8843 0.7932 0 0 0 0
1629012356.670000076 34.7311 2.9511 0.7934 0 0 0 0
1629012356.840000153 34.7273 3.0648 0.7937 0 0 0 0
1629012356.960000038 34.7278 3.1112 0.7937 0 0 0 0
1629012357.060000181 34.7290 3.1588 0.7936 0 0 0 0
1629012357.300000191 34.7578 3.3227 0.7943 0 0 0 0
1629012357.450000048 34.7636 3.3720 0.7941 0 0 0 0
1629012357.690000057 34.7694 3.4950 0.7949 0 0 0 0
1629012357.850000143 34.7765 3.6254 0.7949 0 0 0 0
1629012358.000000000 34.7732 3.7321 0.7948 0 0 0 0
1629012358.130000114 34.7755 3.7853 0.7946 0 0 0 0
1629012358.270000219 34.7751 3.8660 0.7943 0 0 0 0
1629012358.410000086 34.7586 3.9711 0.7948 0 0 0 0
1629012358.540000200 34.7504 4.0235 0.7944 0 0 0 0
1629012358.690000057 34.7234 4.1496 0.7943 0 0 0 0
1629012358.810000181 34.7116 4.2000 0.7942 0 0 0 0
1629012359.020000219 34.6820 4.3289 0.7940 0 0 0 0
1629012359.200000048 34.6438 4.4219 0.7940 0 0 0 0
1629012359.360000134 34.6157 4.4894 0.7945 0 0 0 0
1629012359.530000210 34.5783 4.5825 0.7941 0 0 0 0
1629012359.670000076 34.5140 4.7005 0.7940 0 0 0 0
1629012359.800000191 34.4905 4.7441 0.7943 0 0 0 0
1629012360.020000219 34.4273 4.8475 0.7944 0 0 0 0
1629012360.240000010 34.3672 4.9230 0.7948 0 0 0 0
1629012360.509999990 34.2603 5.0633 0.7948 0 0 0 0
1629012360.680000067 34.1741 5.1543 0.7955 0 0 0 0
1629012360.830000162 34.1433 5.1916 0.7960 0 0 0 0
1629012360.940000057 34.0957 5.2425 0.7952 0 0 0 0
1629012361.060000181 34.0628 5.2783 0.7962 0 0 0 0
1629012361.170000076 33.9988 5.3600 0.7961 0 0 0 0
1629012361.350000143 33.9529 5.4173 0.7962 0 0 0 0
1629012361.509999990 33.8917 5.4971 0.7961 0 0 0 0
1629012361.610000134 33.8562 5.5553 0.7964 0 0 0 0
1629012361.870000124 33.7746 5.6866 0.7965 0 0 0 0
1629012362.000000000 33.7556 5.7275 0.7963 0 0 0 0
1629012362.100000143 33.7364 5.7689 0.7960 0 0 0 0
1629012362.210000038 33.7175 5.8074 0.7963 0 0 0 0
1629012362.450000048 33.6736 5.9031 0.7962 0 0 0 0
1629012362.590000153 33.6620 5.9427 0.7962 0 0 0 0
1629012362.790000200 33.6129 6.0755 0.7964 0 0 0 0
1629012362.950000048 33.5978 6.1161 0.7995 0 0 0 0
1629012363.050000191 33.5944 6.1548 0.7964 0 0 0 0
1629012363.259999990 33.5701 6.2627 0.7963 0 0 0 0
1629012363.400000095 33.5600 6.3237 0.7967 0 0 0 0
1629012363.540000200 33.5543 6.4044 0.7973 0 0 0 0
1629012363.710000038 33.5424 6.5000 0.7981 0 0 0 0
1629012363.820000172 33.5368 6.5604 0.7981 0 0 0 0
1629012364.040000200 33.5266 6.6398 0.7981 0 0 0 0
1629012364.250000000 33.5138 6.7239 0.7979 0 0 0 0
1629012364.430000067 33.5014 6.8521 0.7980 0 0 0 0
1629012364.600000143 33.4841 6.9121 0.7980 0 0 0 0
1629012364.800000191 33.4627 7.0123 0.7986 0 0 0 0
1629012364.960000038 33.4433 7.0917 0.7985 0 0 0 0
1629012365.100000143 33.4272 7.1304 0.7984 0 0 0 0
1629012365.210000038 33.4045 7.1914 0.7981 0 0 0 0
1629012365.310000181 33.3933 7.2346 0.7980 0 0 0 0
1629012365.480000019 33.3615 7.3273 0.7984 0 0 0 0
1629012365.590000153 33.3430 7.3657 0.7981 0 0 0 0
1629012365.759999990 33.3219 7.4018 0.7982 0 0 0 0
1629012365.920000076 33.2789 7.4925 0.7990 0 0 0 0
1629012366.080000162 33.2310 7.5806 0.7989 0 0 0 0
1629012366.190000057 33.2066 7.6155 0.7986 0 0 0 0
1629012366.380000114 33.1824 7.6500 0.7987 0 0 0 0
1629012366.480000019 33.1285 7.7359 0.8008 0 0 0 0
1629012366.670000076 33.1285 7.7359 0.8008 0 0 0 0
1629012366.810000181 33.0853 7.7996 0.7995 0 0 0 0
1629012366.950000048 33.0197 7.8760 0.7992 0 0 0 0
1629012367.120000124 32.9924 7.9338 0.7991 0 0 0 0
1629012367.220000029 32.9733 7.9704 0.7989 0 0 0 0
1629012367.340000153 32.9615 7.9862 0.7989 0 0 0 0
1629012367.490000010 32.9429 8.0158 0.7983 0 0 0 0
1629012367.720000029 32.9438 8.0186 0.7983 0 0 0 0
1629012367.840000153 32.9481 8.0073 0.7983 0 0 0 0
1629012368.060000181 32.9642 7.9783 0.7984 0 0 0 0
1629012368.200000048 32.9744 7.9610 0.7986 0 0 0 0
1629012368.440000057 33.0004 7.9090 0.7990 0 0 0 0
1629012368.560000181 33.0394 7.8259 0.7982 0 0 0 0
1629012368.690000057 33.0917 7.7428 0.7987 0 0 0 0
1629012368.800000191 33.1311 7.6838 0.7985 0 0 0 0
1629012369.000000000 33.1935 7.5956 0.7988 0 0 0 0
1629012369.120000124 33.2479 7.5368 0.7987 0 0 0 0
1629012369.400000095 33.2871 7.4976 0.7986 0 0 0 0
1629012369.590000153 33.4078 7.3772 0.7985 0 0 0 0
1629012369.759999990 33.5182 7.2917 0.7985 0 0 0 0
1629012369.870000124 33.6340 7.2212 0.7983 0 0 0 0
1629012370.009999990 33.6791 7.1896 0.7979 0 0 0 0
1629012370.130000114 33.7227 7.1611 0.7978 0 0 0 0
1629012370.460000038 33.8829 7.0805 0.7979 0 0 0 0
1629012370.600000143 33.9516 7.0545 0.7979 0 0 0 0
1629012370.860000134 34.1081 7.0007 0.7955 0 0 0 0
1629012370.970000029 34.1952 6.9782 0.7959 0 0 0 0
1629012371.120000124 34.2608 6.9635 0.7958 0 0 0 0
1629012371.220000029 34.3041 6.9556 0.7957 0 0 0 0
1629012371.390000105 34.3867 6.9506 0.7959 0 0 0 0
1629012371.580000162 34.4709 6.9524 0.7954 0 0 0 0
1629012371.759999990 34.4975 6.9531 0.7950 0 0 0 0
1629012371.870000124 34.5206 6.9532 0.7951 0 0 0 0
1629012371.970000029 34.5386 6.9546 0.7954 0 0 0 0
1629012372.120000124 34.5524 6.9585 0.7955 0 0 0 0
1629012372.220000029 34.5447 6.9580 0.7951 0 0 0 0
1629012372.440000057 34.5194 6.9546 0.7951 0 0 0 0
1629012372.600000143 34.4858 6.9512 0.7954 0 0 0 0
1629012372.759999990 34.4540 6.9483 0.7958 0 0 0 0
1629012372.880000114 34.4169 6.9461 0.7963 0 0 0 0
1629012373.020000219 34.3533 6.9398 0.7965 0 0 0 0
1629012373.160000086 34.3209 6.9346 0.7963 0 0 0 0
1629012373.340000153 34.2282 6.9175 0.7960 0 0 0 0
1629012373.520000219 34.1615 6.9004 0.7967 0 0 0 0
1629012373.620000124 34.1051 6.8929 0.7966 0 0 0 0
1629012373.730000019 34.0693 6.8886 0.7969 0 0 0 0
1629012373.910000086 33.9812 6.8614 0.7967 0 0 0 0
1629012374.009999990 33.9695 6.8578 0.7967 0 0 0 0
1629012374.150000095 33.9476 6.8535 0.7967 0 0 0 0
1629012374.250000000 33.9301 6.8532 0.7977 0 0 0 0
1629012374.509999990 33.8985 6.8454 0.7973 0 0 0 0
1629012374.660000086 33.8962 6.8459 0.7973 0 0 0 0
1629012374.830000162 33.8987 6.8480 0.7974 0 0 0 0
1629012375.000000000 33.8992 6.8467 0.7973 0 0 0 0
1629012375.140000105 33.8984 6.8469 0.7973 0 0 0 0
1629012375.280000210 33.8985 6.8473 0.7973 0 0 0 0
1629012375.390000105 33.8987 6.8468 0.7973 0 0 0 0
1629012375.530000210 33.8986 6.8472 0.7973 0 0 0 0
1629012375.690000057 33.8984 6.8471 0.7972 0 0 0 0
1629012375.890000105 33.8983 6.8472 0.7971 0 0 0 0
1629012376.009999990 33.8994 6.8475 0.7971 0 0 0 0
1629012376.140000105 33.9022 6.8480 0.7973 0 0 0 0
1629012376.270000219 33.9031 6.8480 0.7972 0 0 0 0
1629012376.410000086 33.9045 6.8484 0.7972 0 0 0 0
1629012376.560000181 33.9038 6.8481 0.7971 0 0 0 0
1629012376.730000019 33.9040 6.8481 0.7970 0 0 0 0
1629012376.840000153 33.9044 6.8483 0.7971 0 0 0 0
1629012376.960000038 33.9042 6.8484 0.7971 0 0 0 0
1629012377.130000114 33.9043 6.8483 0.7970 0 0 0 0
1629012377.300000191 33.9040 6.8485 0.7970 0 0 0 0
1629012377.410000086 33.9044 6.8487 0.7970 0 0 0 0
1629012377.550000191 33.9049 6.8481 0.7971 0 0 0 0
1629012377.720000029 33.9057 6.8484 0.7974 0 0 0 0
1629012377.850000143 33.9045 6.8486 0.7970 0 0 0 0
1629012377.990000010 33.9047 6.8483 0.7970 0 0 0 0
1629012378.130000114 33.9047 6.8484 0.7970 0 0 0 0
1629012378.250000000 33.9048 6.8485 0.7970 0 0 0 0
1629012378.430000067 33.9048 6.8483 0.7970 0 0 0 0
1629012378.570000172 33.9048 6.8482 0.7970 0 0 0 0
1629012378.770000219 33.9048 6.8482 0.7970 0 0 0 0
1629012378.930000067 33.9049 6.8484 0.7970 0 0 0 0
1629012379.040000200 33.9049 6.8484 0.7970 0 0 0 0
1629012379.180000067 33.9049 6.8483 0.7970 0 0 0 0
1629012379.320000172 33.9050 6.8484 0.7970 0 0 0 0
1629012379.420000076 33.9050 6.8485 0.7970 0 0 0 0
1629012379.620000124 33.9050 6.8484 0.7970 0 0 0 0
1629012379.730000019 33.9050 6.8484 0.7970 0 0 0 0
1629012379.850000143 33.9050 6.8482 0.7969 0 0 0 0
1629012379.970000029 33.9050 6.8482 0.7969 0 0 0 0
1629012380.070000172 33.9051 6.8482 0.7969 0 0 0 0
1629012380.180000067 33.9050 6.8481 0.7969 0 0 0 0
1629012380.430000067 33.9051 6.8482 0.7969 0 0 0 0
1629012380.620000124 33.9052 6.8484 0.7970 0 0 0 0
1629012380.800000191 33.9052 6.8484 0.7969 0 0 0 0
1629012381.020000219 33.9059 6.8476 0.7971 0 0 0 0
1629012381.120000124 33.9063 6.8473 0.7972 0 0 0 0
1629012381.290000200 33.9062 6.8481 0.7971 0 0 0 0
1629012381.400000095 33.9062 6.8477 0.7972 0 0 0 0
1629012381.550000191 33.9060 6.8476 0.7971 0 0 0 0
1629012381.650000095 33.9063 6.8476 0.7971 0 0 0 0
1629012381.790000200 33.9063 6.8485 0.7972 0 0 0 0
1629012381.960000038 33.9062 6.8478 0.7972 0 0 0 0
1629012382.080000162 33.9063 6.8480 0.7972 0 0 0 0
1629012382.230000019 33.9064 6.8484 0.7972 0 0 0 0
1629012382.450000048 33.9063 6.8482 0.7972 0 0 0 0
1629012382.610000134 33.9063 6.8482 0.7972 0 0 0 0
1629012382.780000210 33.9062 6.8480 0.7971 0 0 0 0
1629012382.970000029 33.9063 6.8481 0.7972 0 0 0 0
1629012383.110000134 33.9062 6.8480 0.7971 0 0 0 0
1629012383.330000162 33.9063 6.8483 0.7972 0 0 0 0
1629012383.440000057 33.9063 6.8480 0.7971 0 0 0 0
1629012383.550000191 33.9063 6.8480 0.7971 0 0 0 0
1629012383.650000095 33.9063 6.8482 0.7972 0 0 0 0
1629012383.759999990 33.9063 6.8482 0.7971 0 0 0 0
1629012383.900000095 33.9063 6.8482 0.7971 0 0 0 0
1629012384.020000219 33.9064 6.8483 0.7971 0 0 0 0
1629012384.120000124 33.9063 6.8481 0.7971 0 0 0 0
1629012384.270000219 33.9064 6.8483 0.7971 0 0 0 0
1629012384.410000086 33.9064 6.8482 0.7971 0 0 0 0
1629012384.520000219 33.9064 6.8482 0.7971 0 0 0 0
1629012384.690000057 33.9064 6.8483 0.7971 0 0 0 0
1629012384.850000143 33.9063 6.8480 0.7971 0 0 0 0
1629012384.990000010 33.9064 6.8481 0.7971 0 0 0 0
1629012385.100000143 33.9064 6.8482 0.7971 0 0 0 0
1629012385.270000219 33.9064 6.8481 0.7971 0 0 0 0
1629012385.420000076 33.9064 6.8482 0.7971 0 0 0 0
1629012385.570000172 33.9065 6.8482 0.7971 0 0 0 0
1629012385.680000067 33.9064 6.8482 0.7971 0 0 0 0
1629012385.800000191 33.9065 6.8483 0.7971 0 0 0 0
1629012385.990000010 33.9064 6.8482 0.7971 0 0 0 0
1629012386.100000143 33.9064 6.8481 0.7971 0 0 0 0
1629012386.250000000 33.9064 6.8481 0.7971 0 0 0 0
1629012386.430000067 33.9066 6.8479 0.7971 0 0 0 0
1629012386.580000162 33.9064 6.8480 0.7971 0 0 0 0
1629012386.740000010 33.9065 6.8478 0.7971 0 0 0 0
1629012386.900000095 33.9064 6.8482 0.7970 0 0 0 0
1629012387.080000162 33.9065 6.8483 0.7971 0 0 0 0
1629012387.200000048 33.9063 6.8481 0.7970 0 0 0 0
1629012387.330000162 33.9067 6.8484 0.7971 0 0 0 0
1629012387.509999990 33.9066 6.8483 0.7971 0 0 0 0
1629012387.630000114 33.9065 6.8482 0.7971 0 0 0 0
1629012387.730000019 33.9065 6.8483 0.7971 0 0 0 0
1629012387.840000153 33.9065 6.8481 0.7970 0 0 0 0
1629012387.990000010 33.9064 6.8480 0.7970 0 0 0 0
1629012388.110000134 33.9065 6.8482 0.7971 0 0 0 0
1629012388.220000029 33.9065 6.8483 0.7971 0 0 0 0
1629012388.400000095 33.9065 6.8481 0.7970 0 0 0 0
1629012388.540000200 33.9064 6.8480 0.7970 0 0 0 0
1629012388.650000095 33.9066 6.8484 0.7971 0 0 0 0
1629012388.750000000 33.9064 6.8480 0.7970 0 0 0 0
1629012388.900000095 33.9065 6.8483 0.7971 0 0 0 0
1629012389.040000200 33.9066 6.8483 0.7971 0 0 0 0
1629012389.230000019 33.9066 6.8483 0.7970 0 0 0 0
1629012389.340000153 33.9066 6.8484 0.7971 0 0 0 0
1629012389.509999990 33.9066 6.8484 0.7971 0 0 0 0
1629012389.650000095 33.9065 6.8483 0.7971 0 0 0 0
1629012389.990000010 33.9065 6.8481 0.7970 0 0 0 0
1629012390.150000095 33.9065 6.8482 0.7970 0 0 0 0
1629012390.280000210 33.9066 6.8483 0.7971 0 0 0 0
1629012390.500000000 33.9066 6.8484 0.7970 0 0 0 0
1629012390.720000029 33.9066 6.8483 0.7970 0 0 0 0
1629012390.840000153 33.9065 6.8482 0.7970 0 0 0 0
1629012390.950000048 33.9066 6.8483 0.7971 0 0 0 0
1629012391.060000181 33.9065 6.8481 0.7970 0 0 0 0
1629012391.220000029 33.9066 6.8484 0.7970 0 0 0 0
1629012391.380000114 33.9066 6.8483 0.7971 0 0 0 0
1629012391.560000181 33.9066 6.8483 0.7970 0 0 0 0
1629012391.710000038 33.9066 6.8482 0.7970 0 0 0 0
1629012391.820000172 33.9066 6.8484 0.7971 0 0 0 0
1629012391.930000067 33.9065 6.8482 0.7970 0 0 0 0
1629012392.100000143 33.9066 6.8482 0.7970 0 0 0 0
1629012392.210000038 33.9065 6.8481 0.7970 0 0 0 0
1629012392.370000124 33.9066 6.8484 0.7970 0 0 0 0
1629012392.520000219 33.9065 6.8481 0.7969 0 0 0 0
1629012392.650000095 33.9066 6.8483 0.7969 0 0 0 0
1629012392.759999990 33.9066 6.8483 0.7970 0 0 0 0
1629012392.910000086 33.9065 6.8480 0.7969 0 0 0 0
1629012393.009999990 33.9066 6.8482 0.7969 0 0 0 0
1629012393.170000076 33.9067 6.8485 0.7970 0 0 0 0
